level 1
8 8
1 1 
7 2 B
2
2 7 2 8 7 8 7 7 B 1 1
5 1 5 7 7 7 7 1 B 1 1
--W-----
--W-----
--W--W--
--W--W--
--W--W--
--W--W--
--------
--------

level 2
14 9
1 5
8 7 B 1 3 Y
5
1 3 1 1 3 1 B 1 2
9 1 9 5 14 5 14 4 11 4 11 1 B 2 1
6 3 6 8 Y 1 2
1 9 10 9 G 2 2
9 9 9 7 13 7 13 9 G 1 1
--------------
-W--WWW-----W-
-W----W--W--W-
WWW---W--W----
------W-------
WW----WWWWWW--
------W-------
WWW---W--WWW--
--------------

level 3
16 15
1 1
3 1 B 16 15 Y 1 13 R
13
6 1 5 1 5 3 7 3 5 3 5 1 B 1 1
17 2 15 2 15 1 12 1 R 1 1
3 11 6 11 6 8 Y 1 1
1 8 8 8 P 1 1
11 8 10 8 10 12 O 1 1
14 4 16 4 16 9 14 9 O 1 1
3 4 1 4 1 8 4 8 4 6 3 6 G 1 1
6 8 6 12 10 12 6 12 O 1 1
1 10 1 10 R 1 1
1 14 1 15 B 1 1
1 14 1 15 9 15 1 15 P 1 1
14 3 14 15 Y 3 1
12 3 12 6 P 2 1
-W--------------
-WWW-WW-WWWWWWWW
-W------W-------
---W----W-W-W-W-
-W-W-WWWW-W-W-W-
-W----------W-W-
-WW-WW-WW--WW-W-
-----------W--W-
WW----W-W-WW----
-W-WW-W-W--W--WW
------W-W-WW----
WWWW-------W--WW
-W-WW-W--W-W----
-W--W-W--W-W--WW
-----------W----

EOF
